ID,Time (s),Entity,Type/Dir,Inter-Arrival (s),Service Time (s)
1,5.2,EB Vehicles,EB,0,-
2,6.9,EB Vehicles,EB,1.7,-
3,9.5,EB Vehicles,EB,2.6,-
4,13.1,EB Vehicles,EB,3.7,-
5,15,EB Vehicles,EB,1.8,-
6,23.2,EB Vehicles,EB,8.3,-
7,28.3,EB Vehicles,EB,5.1,-
8,32.4,EB Vehicles,EB,4.1,-
9,35.1,EB Vehicles,EB,2.6,-
10,39.7,EB Vehicles,EB,4.6,-
11,43.5,EB Vehicles,EB,3.9,-
12,46.5,EB Vehicles,EB,2.9,-
13,51,EB Vehicles,EB,4.5,-
14,68.6,EB Vehicles,EB,17.6,-
15,78.1,EB Vehicles,EB,9.6,-
16,96.7,EB Vehicles,EB,18.6,-
17,103,EB Vehicles,EB,6.4,-
18,112.3,EB Vehicles,EB,9.2,-
19,182.2,EB Vehicles,EB,69.9,-
20,185.4,EB Vehicles,EB,3.2,-
21,188.4,EB Vehicles,EB,2.9,-
22,191.8,EB Vehicles,EB,3.4,-
23,194,EB Vehicles,EB,2.2,-
24,255.5,EB Vehicles,EB,61.5,-
25,257.3,EB Vehicles,EB,1.7,-
26,296.1,EB Vehicles,EB,38.9,-
27,325.9,EB Vehicles,EB,15.6,-
28,332.7,EB Vehicles,EB,6.8,-
29,362.5,EB Vehicles,EB,29.8,-
30,364.3,EB Vehicles,EB,1.9,-
31,372.9,EB Vehicles,EB,8.6,-
32,387.5,EB Vehicles,EB,14.6,-
33,390.6,EB Vehicles,EB,3.1,-
34,408.2,EB Vehicles,EB,17.6,-
35,415.4,EB Vehicles,EB,7.2,-
36,423.7,EB Vehicles,EB,8.3,-
37,425.4,EB Vehicles,EB,1.7,-
38,427.9,EB Vehicles,EB,2.5,-
39,527.5,EB Vehicles,EB,99.7,-
40,531.7,EB Vehicles,EB,4.1,-
41,541.6,EB Vehicles,EB,10,-
42,554.8,EB Vehicles,EB,13.2,-
43,558.2,EB Vehicles,EB,3.4,-
44,568,EB Vehicles,EB,9.8,-
45,651,EB Vehicles,EB,83.1,-
46,659.7,EB Vehicles,EB,8.6,-
47,680.8,EB Vehicles,EB,21.1,-
48,694.7,EB Vehicles,EB,13.9,-
49,699.1,EB Vehicles,EB,4.4,-
50,700.8,EB Vehicles,EB,1.7,-
51,728.7,EB Vehicles,EB,27.9,-
52,741.9,EB Vehicles,EB,13.2,-
53,744.6,EB Vehicles,EB,2.6,-
54,747.4,EB Vehicles,EB,2.9,-
55,756.3,EB Vehicles,EB,8.9,-
56,857.3,EB Vehicles,EB,101,-
57,865.4,EB Vehicles,EB,8.1,-
58,868.4,EB Vehicles,EB,3,-
59,876.4,EB Vehicles,EB,8,-
60,878.3,EB Vehicles,EB,1.9,-
61,881.8,EB Vehicles,EB,3.5,-
62,910.5,EB Vehicles,EB,28.7,-
63,914.7,EB Vehicles,EB,4.2,-
64,920.7,EB Vehicles,EB,6,-
65,923.9,EB Vehicles,EB,3.2,-
66,940.1,EB Vehicles,EB,16.3,-
67,946.4,EB Vehicles,EB,6.3,-
68,979.5,EB Vehicles,EB,33.1,-
69,1053,EB Vehicles,EB,73.5,-
70,1066.1,EB Vehicles,EB,13.1,-
71,1089.7,EB Vehicles,EB,23.6,-
72,1092.6,EB Vehicles,EB,2.9,-
73,1095.2,EB Vehicles,EB,2.6,-
74,1097,EB Vehicles,EB,1.7,-
75,1102.4,EB Vehicles,EB,5.4,-
76,1105.5,EB Vehicles,EB,3.1,-
77,1135.3,EB Vehicles,EB,29.8,-
78,1150.8,EB Vehicles,EB,15.5,-
79,1183.8,EB Vehicles,EB,33.1,-
80,1189,EB Vehicles,EB,5.1,-
81,1235,EB Vehicles,EB,46,-
82,1284.7,EB Vehicles,EB,49.7,-
83,1288.5,EB Vehicles,EB,3.9,-
84,1291.3,EB Vehicles,EB,2.8,-
85,1295.4,EB Vehicles,EB,4.1,-
86,1301.6,EB Vehicles,EB,6.2,-
87,1306.2,EB Vehicles,EB,4.6,-
88,1360.2,EB Vehicles,EB,54,-
89,1379.2,EB Vehicles,EB,19,-
90,1382.8,EB Vehicles,EB,3.6,-
91,1472.5,EB Vehicles,EB,89.7,-
92,1475.5,EB Vehicles,EB,2.9,-
93,1481.5,EB Vehicles,EB,6,-
94,1485.4,EB Vehicles,EB,3.8,-
95,1489.2,EB Vehicles,EB,3.9,-
96,1494.2,EB Vehicles,EB,5,-
97,1497,EB Vehicles,EB,2.8,-
98,1507,EB Vehicles,EB,10,-
99,1509.9,EB Vehicles,EB,3,-
100,1511.9,EB Vehicles,EB,2,-
101,1525.6,EB Vehicles,EB,13.7,-
102,1549.7,EB Vehicles,EB,24.1,-
103,1618.3,EB Vehicles,EB,68.6,-
104,1623.7,EB Vehicles,EB,5.4,-
105,1626.3,EB Vehicles,EB,2.6,-
106,1655.1,EB Vehicles,EB,28.8,-
107,1659.8,EB Vehicles,EB,4.7,-
108,1681.5,EB Vehicles,EB,21.6,-
109,1694.3,EB Vehicles,EB,12.8,-
110,1700.6,EB Vehicles,EB,6.3,-
111,1703,EB Vehicles,EB,2.4,-
112,1705.4,EB Vehicles,EB,2.4,-
113,1709.7,EB Vehicles,EB,4.3,-
114,1717.2,EB Vehicles,EB,7.5,-
115,1724.6,EB Vehicles,EB,7.3,-
116,1730.3,EB Vehicles,EB,5.8,-
117,1763.4,EB Vehicles,EB,33.1,-
118,1768.4,EB Vehicles,EB,5,-
119,1774.1,EB Vehicles,EB,5.6,-
120,1795.9,EB Vehicles,EB,21.8,-
121,1864.5,EB Vehicles,EB,68.6,-
122,1876.7,EB Vehicles,EB,12.2,-
123,1879.5,EB Vehicles,EB,2.8,-
124,1882.5,EB Vehicles,EB,3.1,-
125,1895.6,EB Vehicles,EB,13.1,-
126,1898.7,EB Vehicles,EB,3.1,-
127,1901.7,EB Vehicles,EB,3,-
128,1940.6,EB Vehicles,EB,38.9,-
129,1962.6,EB Vehicles,EB,22,-
130,1965.5,EB Vehicles,EB,2.9,-
131,1977.7,EB Vehicles,EB,12.3,-
132,2046.6,EB Vehicles,EB,68.8,-
133,2055.3,EB Vehicles,EB,8.8,-
134,2057.6,EB Vehicles,EB,2.2,-
135,2070.1,EB Vehicles,EB,12.6,-
136,2073,EB Vehicles,EB,2.8,-
137,2149.5,EB Vehicles,EB,76.5,-
138,2186.8,EB Vehicles,EB,37.3,-
139,2219.5,EB Vehicles,EB,32.8,-
140,2229.9,EB Vehicles,EB,10.4,-
141,2232.6,EB Vehicles,EB,2.7,-
142,2237.6,EB Vehicles,EB,5,-
143,2244.4,EB Vehicles,EB,6.7,-
144,2255.8,EB Vehicles,EB,11.5,-
145,2258.4,EB Vehicles,EB,2.6,-
146,2261.2,EB Vehicles,EB,2.8,-
147,2264.8,EB Vehicles,EB,3.6,-
148,2268,EB Vehicles,EB,3.2,-
149,2333.7,EB Vehicles,EB,65.7,-
150,2341,EB Vehicles,EB,7.2,-
151,2346.8,EB Vehicles,EB,5.8,-
152,2377.8,EB Vehicles,EB,31,-
153,2403.8,EB Vehicles,EB,26,-
154,2439.8,EB Vehicles,EB,36,-
155,2457.8,EB Vehicles,EB,18,-
156,2467.3,EB Vehicles,EB,9.6,-
157,2470.7,EB Vehicles,EB,3.4,-
158,2485.6,EB Vehicles,EB,14.9,-
159,2496,EB Vehicles,EB,10.4,-
160,2568.7,EB Vehicles,EB,72.7,-
161,2619.9,EB Vehicles,EB,51.3,-
162,2622.5,EB Vehicles,EB,2.5,-
163,2625.1,EB Vehicles,EB,2.6,-
164,2627.7,EB Vehicles,EB,2.7,-
165,2629.9,EB Vehicles,EB,2.1,-
166,2637.2,EB Vehicles,EB,7.3,-
167,2664.7,EB Vehicles,EB,27.5,-
168,2744.7,EB Vehicles,EB,80,-
169,2747.5,EB Vehicles,EB,2.7,-
170,2759.3,EB Vehicles,EB,11.9,-
171,2776.1,EB Vehicles,EB,16.8,-
172,2802.1,EB Vehicles,EB,26,-
173,2810.5,EB Vehicles,EB,8.4,-
174,2813.7,EB Vehicles,EB,3.3,-
175,2824,EB Vehicles,EB,10.3,-
176,2841.5,EB Vehicles,EB,17.4,-
177,2905.4,EB Vehicles,EB,63.9,-
178,2925.7,EB Vehicles,EB,20.3,-
179,2971.1,EB Vehicles,EB,45.4,-
180,2977.9,EB Vehicles,EB,6.8,-
181,2981.8,EB Vehicles,EB,3.9,-
182,3006.1,EB Vehicles,EB,24.3,-
183,3016.9,EB Vehicles,EB,10.8,-
184,3068.8,EB Vehicles,EB,51.9,-
185,3110.1,EB Vehicles,EB,41.3,-
186,3115.8,EB Vehicles,EB,5.7,-
187,3181.8,EB Vehicles,EB,66,-
188,3201.8,EB Vehicles,EB,20,-
189,3206.4,EB Vehicles,EB,4.6,-
190,3209.8,EB Vehicles,EB,3.4,-
191,3220.5,EB Vehicles,EB,10.7,-
192,3227.4,EB Vehicles,EB,6.9,-
193,3232.8,EB Vehicles,EB,5.4,-
194,3237.1,EB Vehicles,EB,4.3,-
195,3260.2,EB Vehicles,EB,23.1,-
196,3295.5,EB Vehicles,EB,35.3,-
197,3330.7,EB Vehicles,EB,35.2,-
198,3349.4,EB Vehicles,EB,18.6,-
199,3379.1,EB Vehicles,EB,29.7,-
200,3385.9,EB Vehicles,EB,6.7,-
201,3395.4,EB Vehicles,EB,9.5,-
202,3398.2,EB Vehicles,EB,2.8,-
203,3402,EB Vehicles,EB,3.9,-
204,3407.9,EB Vehicles,EB,5.8,-
205,3516.2,EB Vehicles,EB,108.3,-
206,3569.1,EB Vehicles,EB,52.9,-
207,3571.4,EB Vehicles,EB,2.2,-
208,3583,EB Vehicles,EB,11.6,-
209,3586.6,EB Vehicles,EB,3.6,-
210,3590.5,EB Vehicles,EB,3.9,-
211,3604.4,EB Vehicles,EB,13.9,-
212,3635.5,EB Vehicles,EB,31.1,-
213,3657.4,EB Vehicles,EB,21.8,-
214,3701.8,EB Vehicles,EB,44.4,-
215,3707.7,EB Vehicles,EB,5.9,-
216,3713.5,EB Vehicles,EB,5.8,-
217,3732.7,EB Vehicles,EB,19.2,-
218,3736.1,EB Vehicles,EB,3.5,-
219,3796.7,EB Vehicles,EB,60.6,-
220,3816.6,EB Vehicles,EB,19.8,-
221,3876.7,EB Vehicles,EB,60.1,-
222,3894.3,EB Vehicles,EB,17.6,-
223,3906.2,EB Vehicles,EB,11.9,-
224,3908.8,EB Vehicles,EB,2.6,-
225,3912,EB Vehicles,EB,3.2,-
226,3932,EB Vehicles,EB,19.9,-
227,3943.9,EB Vehicles,EB,11.9,-
228,3951.2,EB Vehicles,EB,7.2,-
229,3988,EB Vehicles,EB,36.8,-
230,3992.5,EB Vehicles,EB,4.5,-
231,4060.3,EB Vehicles,EB,67.7,-
232,4069.4,EB Vehicles,EB,9.2,-
233,4073.2,EB Vehicles,EB,3.8,-
234,4079,EB Vehicles,EB,5.8,-
235,4098.2,EB Vehicles,EB,19.2,-
236,4110.9,EB Vehicles,EB,12.6,-
237,4117.6,EB Vehicles,EB,6.8,-
238,4121.6,EB Vehicles,EB,4,-
239,4130.4,EB Vehicles,EB,8.8,-
240,4132.5,EB Vehicles,EB,2.1,-
241,4135.8,EB Vehicles,EB,3.3,-
242,4139.1,EB Vehicles,EB,3.3,-
243,4153.9,EB Vehicles,EB,14.7,-
244,4157.8,EB Vehicles,EB,3.9,-
245,4161.6,EB Vehicles,EB,3.8,-
246,4189.9,EB Vehicles,EB,28.2,-
247,4194.7,EB Vehicles,EB,4.9,-
248,4280.2,EB Vehicles,EB,85.4,-
249,4291.8,EB Vehicles,EB,11.7,-
250,4294.4,EB Vehicles,EB,2.6,-
251,4296.5,EB Vehicles,EB,2.1,-
252,4300.7,EB Vehicles,EB,4.2,-
253,4303.8,EB Vehicles,EB,3.1,-
254,4349.5,EB Vehicles,EB,45.7,-
255,4361.3,EB Vehicles,EB,11.8,-
256,4363.3,EB Vehicles,EB,2,-
257,4459.9,EB Vehicles,EB,96.6,-
258,4475.6,EB Vehicles,EB,15.7,-
259,4478.9,EB Vehicles,EB,3.3,-
260,4481.5,EB Vehicles,EB,2.6,-
261,4484.6,EB Vehicles,EB,3.1,-
262,4507.2,EB Vehicles,EB,22.6,-
263,4512.7,EB Vehicles,EB,5.5,-
264,4514.7,EB Vehicles,EB,2,-
265,4518.2,EB Vehicles,EB,3.5,-
266,4520.7,EB Vehicles,EB,2.6,-
267,4523.9,EB Vehicles,EB,3.1,-
268,4556.8,EB Vehicles,EB,32.9,-
269,4586.9,EB Vehicles,EB,30.2,-
270,4591.4,EB Vehicles,EB,4.4,-
271,4596.6,EB Vehicles,EB,5.2,-
272,4615.8,EB Vehicles,EB,19.3,-
273,4671.8,EB Vehicles,EB,56,-
274,4680.3,EB Vehicles,EB,8.5,-
275,4683.4,EB Vehicles,EB,3.1,-
276,4688.9,EB Vehicles,EB,5.5,-
277,4722.6,EB Vehicles,EB,33.7,-
278,4727.7,EB Vehicles,EB,5.1,-
279,4729.9,EB Vehicles,EB,2.2,-
280,4732.1,EB Vehicles,EB,2.3,-
281,4734.9,EB Vehicles,EB,2.8,-
282,4744.6,EB Vehicles,EB,9.6,-
283,4775,EB Vehicles,EB,30.4,-
284,4855.2,EB Vehicles,EB,80.3,-
285,4878.8,EB Vehicles,EB,23.5,-
286,4888.5,EB Vehicles,EB,9.7,-
287,4890.9,EB Vehicles,EB,2.4,-
288,4894,EB Vehicles,EB,3.1,-
289,4909.6,EB Vehicles,EB,15.6,-
290,4916.9,EB Vehicles,EB,7.3,-
291,4919.4,EB Vehicles,EB,2.6,-
292,4922.1,EB Vehicles,EB,2.7,-
293,4942.4,EB Vehicles,EB,20.3,-
294,4952.2,EB Vehicles,EB,9.8,-
295,5010.9,EB Vehicles,EB,58.7,-
296,5045.5,EB Vehicles,EB,34.5,-
297,5056.1,EB Vehicles,EB,10.7,-
298,5058.9,EB Vehicles,EB,2.8,-
299,5062.7,EB Vehicles,EB,3.8,-
300,5108.9,EB Vehicles,EB,46.1,-
301,5112.7,EB Vehicles,EB,3.8,-
302,5114.8,EB Vehicles,EB,2.1,-
303,5117.7,EB Vehicles,EB,2.9,-
304,5188.1,EB Vehicles,EB,70.3,-
305,5192.9,EB Vehicles,EB,4.8,-
306,5305.5,EB Vehicles,EB,112.5,-
307,5310.5,EB Vehicles,EB,5,-
308,5315.3,EB Vehicles,EB,4.8,-
309,5318.4,EB Vehicles,EB,3.1,-
310,5320.6,EB Vehicles,EB,2.2,-
311,5333.6,EB Vehicles,EB,13,-
312,5351.1,EB Vehicles,EB,17.5,-
313,5354.3,EB Vehicles,EB,3.2,-
314,5392.6,EB Vehicles,EB,38.3,-
315,5395.2,EB Vehicles,EB,2.6,-
