ID,Time (s),Entity,Type/Dir,Inter-Arrival (s),Service Time (s)
1,5.5,WB Vehicles,WB,0,-
2,34.6,WB Vehicles,WB,29,-
3,36.5,WB Vehicles,WB,1.9,-
4,39.6,WB Vehicles,WB,3.1,-
5,41.7,WB Vehicles,WB,2.1,-
6,46.2,WB Vehicles,WB,4.5,-
7,50.9,WB Vehicles,WB,4.7,-
8,53.3,WB Vehicles,WB,2.4,-
9,58.4,WB Vehicles,WB,5,-
10,62.3,WB Vehicles,WB,4,-
11,64.7,WB Vehicles,WB,2.4,-
12,68.5,WB Vehicles,WB,3.8,-
13,77.3,WB Vehicles,WB,8.8,-
14,82,WB Vehicles,WB,4.7,-
15,85,WB Vehicles,WB,3,-
16,88.4,WB Vehicles,WB,3.5,-
17,91.6,WB Vehicles,WB,3.1,-
18,94.4,WB Vehicles,WB,2.8,-
19,98.3,WB Vehicles,WB,3.9,-
20,118.4,WB Vehicles,WB,14.4,-
21,136.7,WB Vehicles,WB,18.3,-
22,148,WB Vehicles,WB,11.4,-
23,156.7,WB Vehicles,WB,8.7,-
24,166,WB Vehicles,WB,9.3,-
25,188.2,WB Vehicles,WB,22.3,-
26,197.8,WB Vehicles,WB,9.5,-
27,214.1,WB Vehicles,WB,16.4,-
28,220.2,WB Vehicles,WB,6.1,-
29,222.3,WB Vehicles,WB,2,-
30,224.4,WB Vehicles,WB,2.2,-
31,243.6,WB Vehicles,WB,19.2,-
32,253.1,WB Vehicles,WB,9.5,-
33,261.8,WB Vehicles,WB,8.7,-
34,289.9,WB Vehicles,WB,28.1,-
35,292.1,WB Vehicles,WB,2.2,-
36,295.6,WB Vehicles,WB,3.5,-
37,301.7,WB Vehicles,WB,6.1,-
38,305.1,WB Vehicles,WB,3.4,-
39,307.1,WB Vehicles,WB,2,-
40,310,WB Vehicles,WB,2.9,-
41,312.8,WB Vehicles,WB,2.7,-
42,328,WB Vehicles,WB,15.2,-
43,330.8,WB Vehicles,WB,2.8,-
44,335.9,WB Vehicles,WB,5.2,-
45,339.8,WB Vehicles,WB,3.8,-
46,357.3,WB Vehicles,WB,17.6,-
47,393.7,WB Vehicles,WB,36.4,-
48,395.6,WB Vehicles,WB,1.9,-
49,399,WB Vehicles,WB,3.4,-
50,419.6,WB Vehicles,WB,20.6,-
51,423.8,WB Vehicles,WB,4.2,-
52,426.5,WB Vehicles,WB,2.6,-
53,429.3,WB Vehicles,WB,2.8,-
54,462.3,WB Vehicles,WB,33,-
55,474.3,WB Vehicles,WB,12,-
56,477.5,WB Vehicles,WB,3.1,-
57,483.4,WB Vehicles,WB,5.9,-
58,486.9,WB Vehicles,WB,3.5,-
59,489,WB Vehicles,WB,2,-
60,497.4,WB Vehicles,WB,8.4,-
61,500,WB Vehicles,WB,2.7,-
62,505.8,WB Vehicles,WB,5.8,-
63,526.8,WB Vehicles,WB,21,-
64,534.8,WB Vehicles,WB,8,-
65,537.9,WB Vehicles,WB,3.1,-
66,552,WB Vehicles,WB,14.1,-
67,554.7,WB Vehicles,WB,2.8,-
68,556.8,WB Vehicles,WB,2.1,-
69,561.4,WB Vehicles,WB,4.6,-
70,571.6,WB Vehicles,WB,10.2,-
71,574.6,WB Vehicles,WB,3,-
72,608.9,WB Vehicles,WB,34.3,-
73,611.7,WB Vehicles,WB,2.8,-
74,621,WB Vehicles,WB,9.3,-
75,623.9,WB Vehicles,WB,2.9,-
76,631.5,WB Vehicles,WB,7.6,-
77,644.1,WB Vehicles,WB,12.6,-
78,646.6,WB Vehicles,WB,2.5,-
79,648.9,WB Vehicles,WB,2.3,-
80,664.5,WB Vehicles,WB,15.7,-
81,670.9,WB Vehicles,WB,6.3,-
82,685.9,WB Vehicles,WB,15,-
83,689.2,WB Vehicles,WB,3.3,-
84,702,WB Vehicles,WB,12.8,-
85,704.5,WB Vehicles,WB,2.5,-
86,728.4,WB Vehicles,WB,23.9,-
87,731,WB Vehicles,WB,2.6,-
88,740.1,WB Vehicles,WB,9.1,-
89,742.9,WB Vehicles,WB,2.8,-
90,746.2,WB Vehicles,WB,3.3,-
91,749,WB Vehicles,WB,2.7,-
92,751.3,WB Vehicles,WB,2.4,-
93,755.2,WB Vehicles,WB,3.9,-
94,785.5,WB Vehicles,WB,30.3,-
95,815.6,WB Vehicles,WB,30.1,-
96,828.4,WB Vehicles,WB,12.8,-
97,830.7,WB Vehicles,WB,2.3,-
98,832.5,WB Vehicles,WB,1.8,-
99,837.4,WB Vehicles,WB,4.9,-
100,843.6,WB Vehicles,WB,6.2,-
101,848.2,WB Vehicles,WB,4.6,-
102,850.2,WB Vehicles,WB,2,-
103,852.9,WB Vehicles,WB,2.7,-
104,856.9,WB Vehicles,WB,4,-
105,874.3,WB Vehicles,WB,17.4,-
106,879.3,WB Vehicles,WB,5,-
107,881.7,WB Vehicles,WB,2.4,-
108,900,WB Vehicles,WB,18.4,-
109,902.2,WB Vehicles,WB,2.2,-
110,938.9,WB Vehicles,WB,36.7,-
111,941.7,WB Vehicles,WB,2.8,-
112,955.4,WB Vehicles,WB,13.7,-
113,960.1,WB Vehicles,WB,4.7,-
114,965.3,WB Vehicles,WB,5.1,-
115,990.4,WB Vehicles,WB,25.1,-
116,1001.4,WB Vehicles,WB,11,-
117,1005.6,WB Vehicles,WB,4.2,-
118,1009.4,WB Vehicles,WB,3.8,-
119,1033.4,WB Vehicles,WB,24,-
120,1039.9,WB Vehicles,WB,6.5,-
121,1043.3,WB Vehicles,WB,3.4,-
122,1057.2,WB Vehicles,WB,14,-
123,1059.4,WB Vehicles,WB,2.2,-
124,1061.2,WB Vehicles,WB,1.8,-
125,1066.5,WB Vehicles,WB,5.2,-
126,1079.2,WB Vehicles,WB,12.8,-
127,1082.2,WB Vehicles,WB,3,-
128,1096.1,WB Vehicles,WB,13.9,-
129,1098.2,WB Vehicles,WB,2.1,-
130,1100.3,WB Vehicles,WB,2.1,-
131,1102.7,WB Vehicles,WB,2.4,-
132,1107.8,WB Vehicles,WB,5.1,-
133,1119.5,WB Vehicles,WB,11.6,-
134,1126.7,WB Vehicles,WB,7.3,-
135,1147.8,WB Vehicles,WB,21.1,-
136,1154.6,WB Vehicles,WB,6.7,-
137,1156.4,WB Vehicles,WB,1.9,-
138,1159.4,WB Vehicles,WB,3,-
139,1162.2,WB Vehicles,WB,2.8,-
140,1164.6,WB Vehicles,WB,2.4,-
141,1168.9,WB Vehicles,WB,4.2,-
142,1172.1,WB Vehicles,WB,3.3,-
143,1175.3,WB Vehicles,WB,3.2,-
144,1179.2,WB Vehicles,WB,3.9,-
145,1184.2,WB Vehicles,WB,5,-
146,1189.1,WB Vehicles,WB,4.9,-
147,1230.2,WB Vehicles,WB,41,-
148,1260,WB Vehicles,WB,29.8,-
149,1264.4,WB Vehicles,WB,4.4,-
150,1299.5,WB Vehicles,WB,35.2,-
151,1310.3,WB Vehicles,WB,10.7,-
152,1314.6,WB Vehicles,WB,4.3,-
153,1319.3,WB Vehicles,WB,4.7,-
154,1322.5,WB Vehicles,WB,3.3,-
155,1336.3,WB Vehicles,WB,13.8,-
156,1340.5,WB Vehicles,WB,4.2,-
157,1342.4,WB Vehicles,WB,1.9,-
158,1344.5,WB Vehicles,WB,2.1,-
159,1346.5,WB Vehicles,WB,2,-
160,1357.8,WB Vehicles,WB,11.3,-
161,1361.5,WB Vehicles,WB,3.7,-
162,1371.5,WB Vehicles,WB,10,-
163,1375,WB Vehicles,WB,3.4,-
164,1378.4,WB Vehicles,WB,3.4,-
165,1382.4,WB Vehicles,WB,4.1,-
166,1386.2,WB Vehicles,WB,3.8,-
167,1388.5,WB Vehicles,WB,2.3,-
168,1394.6,WB Vehicles,WB,6.1,-
169,1414,WB Vehicles,WB,19.4,-
170,1432.2,WB Vehicles,WB,18.2,-
171,1434.5,WB Vehicles,WB,2.3,-
172,1437.5,WB Vehicles,WB,3,-
173,1452.3,WB Vehicles,WB,14.8,-
174,1509,WB Vehicles,WB,56.7,-
175,1511.7,WB Vehicles,WB,2.7,-
176,1529.9,WB Vehicles,WB,18.2,-
177,1547.6,WB Vehicles,WB,17.6,-
178,1562.3,WB Vehicles,WB,14.7,-
179,1579.3,WB Vehicles,WB,17,-
180,1625.1,WB Vehicles,WB,45.8,-
181,1633.2,WB Vehicles,WB,8,-
182,1638.8,WB Vehicles,WB,5.6,-
183,1659.8,WB Vehicles,WB,21.1,-
184,1661.9,WB Vehicles,WB,2.1,-
185,1665.3,WB Vehicles,WB,3.4,-
186,1671,WB Vehicles,WB,5.7,-
187,1693,WB Vehicles,WB,22,-
188,1696.6,WB Vehicles,WB,3.6,-
189,1701.3,WB Vehicles,WB,4.7,-
190,1704.5,WB Vehicles,WB,3.2,-
191,1713.7,WB Vehicles,WB,9.2,-
192,1763.3,WB Vehicles,WB,49.6,-
193,1766,WB Vehicles,WB,2.8,-
194,1768.5,WB Vehicles,WB,2.4,-
195,1770.9,WB Vehicles,WB,2.5,-
196,1778.1,WB Vehicles,WB,7.1,-
197,1812,WB Vehicles,WB,34,-
198,1816.3,WB Vehicles,WB,4.3,-
199,1826.5,WB Vehicles,WB,10.2,-
200,1829.1,WB Vehicles,WB,2.6,-
201,1835.2,WB Vehicles,WB,6.1,-
202,1901,WB Vehicles,WB,65.7,-
203,1904,WB Vehicles,WB,3.1,-
204,1927.7,WB Vehicles,WB,23.7,-
205,1937.2,WB Vehicles,WB,9.5,-
206,1941.3,WB Vehicles,WB,4.1,-
207,1944.5,WB Vehicles,WB,3.2,-
208,1966,WB Vehicles,WB,21.5,-
209,1968.4,WB Vehicles,WB,2.5,-
210,1981.5,WB Vehicles,WB,13,-
211,1983.5,WB Vehicles,WB,2,-
212,1989.8,WB Vehicles,WB,6.3,-
213,1997.5,WB Vehicles,WB,7.7,-
214,2013.3,WB Vehicles,WB,15.8,-
215,2021.2,WB Vehicles,WB,7.8,-
216,2029,WB Vehicles,WB,7.8,-
217,2062,WB Vehicles,WB,33,-
218,2112.8,WB Vehicles,WB,50.8,-
219,2115.8,WB Vehicles,WB,3,-
220,2120.1,WB Vehicles,WB,4.3,-
221,2122.5,WB Vehicles,WB,2.4,-
222,2130.2,WB Vehicles,WB,7.7,-
223,2136.4,WB Vehicles,WB,6.2,-
224,2158.5,WB Vehicles,WB,22.1,-
225,2164.8,WB Vehicles,WB,6.3,-
226,2173.9,WB Vehicles,WB,9.1,-
227,2176.5,WB Vehicles,WB,2.6,-
228,2178.6,WB Vehicles,WB,2.1,-
229,2181.5,WB Vehicles,WB,2.9,-
230,2186.4,WB Vehicles,WB,4.9,-
231,2199.5,WB Vehicles,WB,13.1,-
232,2205.8,WB Vehicles,WB,6.2,-
233,2229.6,WB Vehicles,WB,23.8,-
234,2236.8,WB Vehicles,WB,7.2,-
235,2268.9,WB Vehicles,WB,32.1,-
236,2272.5,WB Vehicles,WB,3.6,-
237,2275.2,WB Vehicles,WB,2.8,-
238,2278.8,WB Vehicles,WB,3.6,-
239,2281.2,WB Vehicles,WB,2.3,-
240,2284.4,WB Vehicles,WB,3.2,-
241,2287.3,WB Vehicles,WB,2.9,-
242,2290.8,WB Vehicles,WB,3.5,-
243,2296.5,WB Vehicles,WB,5.7,-
244,2299.3,WB Vehicles,WB,2.8,-
245,2303.2,WB Vehicles,WB,3.9,-
246,2306.1,WB Vehicles,WB,2.9,-
247,2332,WB Vehicles,WB,25.9,-
248,2335.6,WB Vehicles,WB,3.6,-
249,2343.1,WB Vehicles,WB,7.5,-
250,2346.8,WB Vehicles,WB,3.7,-
251,2365,WB Vehicles,WB,18.2,-
252,2368.1,WB Vehicles,WB,3.2,-
253,2373.7,WB Vehicles,WB,5.6,-
254,2381.8,WB Vehicles,WB,8.1,-
255,2391,WB Vehicles,WB,9.2,-
256,2415,WB Vehicles,WB,24.1,-
257,2419.7,WB Vehicles,WB,4.6,-
258,2425.7,WB Vehicles,WB,6,-
259,2428.8,WB Vehicles,WB,3.1,-
260,2439,WB Vehicles,WB,10.2,-
261,2443.5,WB Vehicles,WB,4.5,-
262,2454.4,WB Vehicles,WB,10.9,-
263,2482,WB Vehicles,WB,27.6,-
264,2509.6,WB Vehicles,WB,27.6,-
265,2519.6,WB Vehicles,WB,10,-
266,2545.4,WB Vehicles,WB,25.8,-
267,2568.6,WB Vehicles,WB,19.9,-
268,2573.7,WB Vehicles,WB,5.1,-
269,2589.9,WB Vehicles,WB,16.2,-
270,2621.5,WB Vehicles,WB,31.6,-
271,2640.1,WB Vehicles,WB,18.6,-
272,2650.6,WB Vehicles,WB,10.4,-
273,2653.1,WB Vehicles,WB,2.5,-
274,2655.3,WB Vehicles,WB,2.2,-
275,2671.7,WB Vehicles,WB,16.5,-
276,2687.7,WB Vehicles,WB,16,-
277,2691.6,WB Vehicles,WB,3.9,-
278,2695.8,WB Vehicles,WB,4.2,-
279,2711.3,WB Vehicles,WB,15.6,-
280,2724.3,WB Vehicles,WB,12.9,-
281,2727.7,WB Vehicles,WB,3.4,-
282,2736.8,WB Vehicles,WB,9.1,-
283,2744.1,WB Vehicles,WB,7.3,-
284,2755.8,WB Vehicles,WB,11.8,-
285,2768.1,WB Vehicles,WB,12.2,-
286,2778.5,WB Vehicles,WB,10.4,-
287,2782.9,WB Vehicles,WB,4.4,-
288,2786.7,WB Vehicles,WB,3.8,-
289,2824.8,WB Vehicles,WB,38.1,-
290,2832.1,WB Vehicles,WB,7.3,-
291,2845.5,WB Vehicles,WB,13.5,-
292,2858.6,WB Vehicles,WB,13.1,-
293,2876.3,WB Vehicles,WB,17.7,-
294,2888.2,WB Vehicles,WB,11.9,-
295,2900.1,WB Vehicles,WB,12,-
296,2904.8,WB Vehicles,WB,4.7,-
297,2915,WB Vehicles,WB,10.2,-
298,2921.6,WB Vehicles,WB,6.6,-
299,2942.2,WB Vehicles,WB,20.6,-
300,2944.4,WB Vehicles,WB,2.2,-
301,2959.7,WB Vehicles,WB,15.3,-
302,2966.5,WB Vehicles,WB,6.8,-
303,2970.4,WB Vehicles,WB,4,-
304,2975.1,WB Vehicles,WB,4.7,-
305,2993.1,WB Vehicles,WB,18,-
306,3015.8,WB Vehicles,WB,22.7,-
307,3024.5,WB Vehicles,WB,8.7,-
308,3033.4,WB Vehicles,WB,8.8,-
309,3036.2,WB Vehicles,WB,2.8,-
310,3038.8,WB Vehicles,WB,2.6,-
311,3042,WB Vehicles,WB,3.2,-
312,3045.2,WB Vehicles,WB,3.2,-
313,3048.6,WB Vehicles,WB,3.4,-
314,3053,WB Vehicles,WB,4.4,-
315,3066.2,WB Vehicles,WB,13.2,-
316,3079.2,WB Vehicles,WB,13,-
317,3084.2,WB Vehicles,WB,5,-
318,3093,WB Vehicles,WB,8.8,-
319,3103.5,WB Vehicles,WB,10.5,-
320,3107.1,WB Vehicles,WB,3.6,-
321,3114.2,WB Vehicles,WB,7.1,-
322,3119.4,WB Vehicles,WB,5.1,-
323,3232.2,WB Vehicles,WB,112.8,-
324,3234.1,WB Vehicles,WB,2,-
325,3237.4,WB Vehicles,WB,3.3,-
326,3240.2,WB Vehicles,WB,2.8,-
327,3247.3,WB Vehicles,WB,7.1,-
328,3260.4,WB Vehicles,WB,13.1,-
329,3266.8,WB Vehicles,WB,6.4,-
330,3285,WB Vehicles,WB,18.2,-
331,3342.3,WB Vehicles,WB,57.3,-
332,3349.3,WB Vehicles,WB,7,-
333,3405,WB Vehicles,WB,55.7,-
334,3411.2,WB Vehicles,WB,6.3,-
335,3431.8,WB Vehicles,WB,20.5,-
336,3435,WB Vehicles,WB,3.3,-
337,3438.4,WB Vehicles,WB,3.4,-
338,3450.9,WB Vehicles,WB,12.5,-
339,3454.6,WB Vehicles,WB,3.6,-
340,3457.3,WB Vehicles,WB,2.8,-
341,3462.9,WB Vehicles,WB,5.6,-
342,3473.9,WB Vehicles,WB,11,-
343,3476.9,WB Vehicles,WB,3,-
344,3487.6,WB Vehicles,WB,10.7,-
345,3491.2,WB Vehicles,WB,3.6,-
346,3498.9,WB Vehicles,WB,7.6,-
347,3503.8,WB Vehicles,WB,5,-
348,3542.8,WB Vehicles,WB,38.9,-
349,3549.4,WB Vehicles,WB,6.6,-
350,3551.5,WB Vehicles,WB,2.2,-
351,3555.3,WB Vehicles,WB,3.7,-
352,3577.5,WB Vehicles,WB,22.2,-
353,3616.8,WB Vehicles,WB,39.3,-
354,3625.6,WB Vehicles,WB,8.8,-
355,3636,WB Vehicles,WB,10.4,-
356,3699.2,WB Vehicles,WB,63.2,-
357,3766.9,WB Vehicles,WB,67.7,-
358,3769.5,WB Vehicles,WB,2.6,-
359,3772.5,WB Vehicles,WB,3,-
360,3774.6,WB Vehicles,WB,2.1,-
361,3778.4,WB Vehicles,WB,3.9,-
362,3782.9,WB Vehicles,WB,4.4,-
363,3788.7,WB Vehicles,WB,5.8,-
364,3792.5,WB Vehicles,WB,3.8,-
365,3800.7,WB Vehicles,WB,8.2,-
366,3821.4,WB Vehicles,WB,20.7,-
367,3829.9,WB Vehicles,WB,8.5,-
368,3936.3,WB Vehicles,WB,106.4,-
369,3941.3,WB Vehicles,WB,5,-
370,3944.9,WB Vehicles,WB,3.6,-
371,3948.9,WB Vehicles,WB,3.9,-
372,3952.7,WB Vehicles,WB,3.8,-
373,3968.9,WB Vehicles,WB,16.2,-
374,3976.1,WB Vehicles,WB,7.2,-
375,3979.8,WB Vehicles,WB,3.7,-
376,3983.4,WB Vehicles,WB,3.6,-
377,3986.2,WB Vehicles,WB,2.8,-
378,3990.7,WB Vehicles,WB,4.5,-
379,3993.7,WB Vehicles,WB,3,-
380,3996.9,WB Vehicles,WB,3.2,-
381,3999.2,WB Vehicles,WB,2.3,-
382,4013.8,WB Vehicles,WB,14.5,-
383,4016.3,WB Vehicles,WB,2.6,-
384,4019,WB Vehicles,WB,2.6,-
385,4024.5,WB Vehicles,WB,5.6,-
386,4036.3,WB Vehicles,WB,11.8,-
387,4039.4,WB Vehicles,WB,3,-
388,4043.5,WB Vehicles,WB,4.1,-
389,4046,WB Vehicles,WB,2.5,-
390,4058.9,WB Vehicles,WB,13,-
391,4064,WB Vehicles,WB,5,-
392,4131.6,WB Vehicles,WB,67.6,-
393,4133.9,WB Vehicles,WB,2.3,-
394,4136.9,WB Vehicles,WB,3,-
395,4140.3,WB Vehicles,WB,3.3,-
396,4145.3,WB Vehicles,WB,5.1,-
397,4148.6,WB Vehicles,WB,3.3,-
398,4151.7,WB Vehicles,WB,3.1,-
399,4155.4,WB Vehicles,WB,3.7,-
400,4157.8,WB Vehicles,WB,2.4,-
401,4160.3,WB Vehicles,WB,2.5,-
402,4163.6,WB Vehicles,WB,3.3,-
403,4169,WB Vehicles,WB,5.3,-
404,4173.9,WB Vehicles,WB,4.9,-
405,4185.4,WB Vehicles,WB,11.5,-
406,4189.1,WB Vehicles,WB,3.8,-
407,4225.9,WB Vehicles,WB,36.8,-
408,4248.3,WB Vehicles,WB,22.4,-
409,4253.2,WB Vehicles,WB,4.9,-
410,4263.3,WB Vehicles,WB,10.1,-
411,4324.5,WB Vehicles,WB,61.2,-
412,4329.9,WB Vehicles,WB,5.4,-
413,4333.9,WB Vehicles,WB,4,-
414,4337.4,WB Vehicles,WB,3.5,-
415,4349.2,WB Vehicles,WB,11.8,-
416,4361.3,WB Vehicles,WB,12.2,-
417,4365,WB Vehicles,WB,3.6,-
418,4368.8,WB Vehicles,WB,3.8,-
419,4371,WB Vehicles,WB,2.2,-
420,4373.7,WB Vehicles,WB,2.8,-
421,4447.8,WB Vehicles,WB,74,-
422,4508,WB Vehicles,WB,60.2,-
423,4510.1,WB Vehicles,WB,2.1,-
424,4512.3,WB Vehicles,WB,2.2,-
425,4515.4,WB Vehicles,WB,3.1,-
426,4522.2,WB Vehicles,WB,6.8,-
427,4525.7,WB Vehicles,WB,3.5,-
428,4535.9,WB Vehicles,WB,10.2,-
429,4542.2,WB Vehicles,WB,6.3,-
430,4546.6,WB Vehicles,WB,4.4,-
431,4552.6,WB Vehicles,WB,6,-
432,4554.9,WB Vehicles,WB,2.4,-
433,4592.9,WB Vehicles,WB,38,-
434,4596.7,WB Vehicles,WB,3.8,-
435,4599.7,WB Vehicles,WB,2.9,-
436,4616.3,WB Vehicles,WB,16.7,-
437,4634.6,WB Vehicles,WB,18.2,-
438,4637.2,WB Vehicles,WB,2.6,-
439,4649.8,WB Vehicles,WB,12.7,-
440,4657.9,WB Vehicles,WB,8.1,-
441,4662.5,WB Vehicles,WB,4.6,-
442,4675.7,WB Vehicles,WB,13.1,-
443,4703.6,WB Vehicles,WB,27.9,-
444,4709.8,WB Vehicles,WB,6.2,-
445,4727.5,WB Vehicles,WB,17.7,-
446,4746.3,WB Vehicles,WB,18.8,-
447,4754.7,WB Vehicles,WB,8.4,-
448,4761,WB Vehicles,WB,6.3,-
449,4772.4,WB Vehicles,WB,11.4,-
450,4775.5,WB Vehicles,WB,3.1,-
451,4780.2,WB Vehicles,WB,4.8,-
452,4788,WB Vehicles,WB,7.7,-
453,4797.4,WB Vehicles,WB,9.5,-
454,4807.5,WB Vehicles,WB,10.1,-
455,4811.4,WB Vehicles,WB,3.9,-
456,4820.9,WB Vehicles,WB,9.5,-
457,4824.2,WB Vehicles,WB,3.3,-
458,4844.6,WB Vehicles,WB,20.3,-
459,4917.8,WB Vehicles,WB,73.3,-
460,4920.7,WB Vehicles,WB,2.9,-
461,4922.2,WB Vehicles,WB,1.5,-
462,4926.2,WB Vehicles,WB,4,-
463,4929.8,WB Vehicles,WB,3.6,-
464,4933.6,WB Vehicles,WB,3.8,-
465,4953.1,WB Vehicles,WB,19.6,-
466,4955.7,WB Vehicles,WB,2.6,-
467,4958,WB Vehicles,WB,2.3,-
468,4972.3,WB Vehicles,WB,14.3,-
469,4980.1,WB Vehicles,WB,7.8,-
470,4990.9,WB Vehicles,WB,10.8,-
471,5018.2,WB Vehicles,WB,27.3,-
472,5045.9,WB Vehicles,WB,27.7,-
473,5049.3,WB Vehicles,WB,3.4,-
474,5053.8,WB Vehicles,WB,4.5,-
475,5058.4,WB Vehicles,WB,4.6,-
476,5062.5,WB Vehicles,WB,4.1,-
477,5114.3,WB Vehicles,WB,51.8,-
478,5116.5,WB Vehicles,WB,2.2,-
479,5120.1,WB Vehicles,WB,3.5,-
480,5124.4,WB Vehicles,WB,4.4,-
481,5143.8,WB Vehicles,WB,19.4,-
482,5147.1,WB Vehicles,WB,3.3,-
483,5151,WB Vehicles,WB,3.9,-
484,5160.2,WB Vehicles,WB,9.2,-
485,5163,WB Vehicles,WB,2.8,-
486,5166.2,WB Vehicles,WB,3.1,-
487,5173.9,WB Vehicles,WB,7.8,-
488,5187.4,WB Vehicles,WB,13.5,-
489,5190.7,WB Vehicles,WB,3.3,-
490,5194.3,WB Vehicles,WB,3.5,-
491,5199.1,WB Vehicles,WB,4.8,-
492,5210.4,WB Vehicles,WB,11.3,-
493,5213.7,WB Vehicles,WB,3.3,-
494,5218.2,WB Vehicles,WB,4.5,-
495,5233.2,WB Vehicles,WB,15.1,-
496,5237.5,WB Vehicles,WB,4.3,-
497,5243.2,WB Vehicles,WB,5.6,-
498,5313.2,WB Vehicles,WB,70,-
499,5319.2,WB Vehicles,WB,6,-
500,5336.1,WB Vehicles,WB,17,-
501,5339.3,WB Vehicles,WB,3.2,-
502,5344.9,WB Vehicles,WB,5.5,-
503,5353.7,WB Vehicles,WB,8.8,-
504,5358.3,WB Vehicles,WB,4.6,-
505,5360.5,WB Vehicles,WB,2.2,-
506,5364.6,WB Vehicles,WB,4,-
